Exit Val: 0
position: 6103 added: -15888.3831 combined: -15915.85 diff: 27.46690000000126
position: 7974 added: -8130.1548 combined: -8187.5145 diff: 57.359699999999975
